Semivariogram           tail:secondary -  head:secondary -   direction  1 
   1        2.000     35.33376      117       15.58974       15.59316
   2        4.000     45.61681      116       15.57069       15.48966
   3        6.000     44.97435      115       15.62348       15.42870
   4        8.000     52.19662      114       15.71491       15.53158
   5       10.000     47.38075      113       15.81770       15.63451
   6       12.000     52.29000      112       15.78750       15.71071
   7       14.000     56.80158      111       15.81802       15.72523
   8       16.000     54.87964      110       15.81818       15.57818
   9       18.000     58.48087      109       15.77248       15.64862
  10       20.000     62.41093      108       15.69537       15.66759
Semivariogram           tail:secondary -  head:secondary -   direction  2 
   1        4.000     45.61681      116       15.57069       15.48966
   2        8.000     52.19662      114       15.71491       15.53158
   3       12.000     52.29000      112       15.78750       15.71071
   4       16.000     54.87964      110       15.81818       15.57818
   5       20.000     62.41093      108       15.69537       15.66759
   6       24.000     69.23863      106       15.64906       15.61981
   7       28.000     54.71851      104       15.71250       15.58462
   8       32.000     54.09745      102       15.55294       15.29804
   9       36.000     66.05280      100       15.51900       15.21300
  10       40.000     75.13949       98       15.57347       15.18776
